t/second l_Lp l_Lp_A l_Lp_B l_Lda l_Lda_A l_Lda_B
0.0 0 0 0 0 0 0
15.0 0 0 0 0 0 0
30.0 0 0 0 0 0 0
45.0 0 0 0 0 0 0
60.0 0 0 0 0 0 0
75.0 0 0 0 0 0 0
90.0 0 0 0 0 0 0
105.0 0 0 0 0 0 0
120.0 0 0 0 0 0 0
135.0 0 0 0 0 0 0
150.0 0 0 0 0 0 0
165.0 0 0 0 0 0 0
180.0 0 0 0 0 0 0
195.0 0 0 0 0 0 0
210.0 0 0 0 0 0 0
225.0 0 0 0 1 1 1
240.0 1 1 1 4 4 4
255.0 1 1 1 5 5 5
270.0 1 1 1 5 5 5
285.0 1 1 1 7 7 7
300.0 6 6 6 8 8 8
315.0 6 6 6 8 8 8
330.0 6 6 6 9 9 9
345.0 6 6 6 11 11 11
360.0 6 6 6 11 11 11
375.0 11 11 11 12 12 12
390.0 12 12 12 13 13 13
405.0 12 12 12 13 13 13
420.0 13 13 13 14 14 14
435.0 13 13 13 16 16 16
450.0 15 15 15 17 17 17
465.0 17 17 17 21 21 21
480.0 17 17 17 21 21 21
495.0 17 17 17 21 21 21
510.0 21 21 21 23 23 23
525.0 21 21 21 23 23 23
540.0 23 23 23 26 26 26
555.0 25 25 25 26 26 26
570.0 25 25 25 27 27 27
585.0 25 25 25 29 29 29
# t=600: start of partition 0
600.0 27 27 27 29 29 29
615.0 27 27 27 30 31 30
630.0 27 27 27 31 32 31
645.0 27 27 27 32 33 32
660.0 27 27 27 32 34 32
675.0 27 27 27 32 34 32
690.0 27 27 27 32 34 32
705.0 27 27 27 33 34 33
720.0 27 27 27 34 34 35
735.0 27 27 27 35 36 35
750.0 27 27 27 36 36 37
765.0 27 27 27 36 36 38
780.0 27 27 27 36 36 39
795.0 27 27 27 37 37 39
810.0 27 27 27 37 37 39
825.0 27 27 27 38 38 40
840.0 27 27 27 38 38 40
855.0 27 27 27 38 38 40
870.0 27 27 27 38 38 40
885.0 27 27 27 39 39 40
900.0 27 27 27 40 41 40
915.0 27 27 27 40 41 40
930.0 27 27 27 40 41 40
945.0 27 27 27 40 43 40
960.0 27 27 27 41 43 41
975.0 27 27 27 41 43 41
990.0 27 27 27 42 45 42
1005.0 27 27 27 43 46 43
1020.0 27 27 27 43 50 43
1035.0 27 27 27 43 51 43
1050.0 27 27 27 44 52 44
1065.0 27 27 27 44 52 44
1080.0 27 27 27 45 52 45
1095.0 27 27 27 46 53 46
1110.0 27 27 27 47 54 47
1125.0 27 27 27 47 54 47
1140.0 27 27 27 47 54 47
1155.0 27 27 27 47 54 47
1170.0 27 27 27 47 54 47
1185.0 27 27 27 47 55 47
# t=1200: end of partition 0
1.2e3 27 27 27 55 55 55
1215.0 27 27 27 55 55 55
1230.0 27 27 27 59 59 59
1245.0 27 27 27 60 60 60
1260.0 27 27 27 62 62 62
1275.0 27 27 27 62 62 62
1290.0 27 27 27 64 64 64
1305.0 62 62 62 65 65 65
1320.0 64 64 64 67 67 67
1335.0 65 65 65 67 67 67
1350.0 67 67 67 67 67 67
1365.0 67 67 67 69 69 69
1380.0 69 69 69 69 69 69
1395.0 69 69 69 70 70 70
1410.0 69 69 69 72 72 72
1425.0 69 69 69 74 74 74
1440.0 74 74 74 77 77 77
1455.0 74 74 74 77 77 77
1470.0 74 74 74 77 77 77
1485.0 74 74 74 79 79 79
1.5e3 78 78 78 81 81 81
1515.0 79 79 79 82 82 82
1530.0 79 79 79 83 83 83
1545.0 79 79 79 83 83 83
1560.0 83 83 83 84 84 84
1575.0 83 83 83 86 86 86
1590.0 85 85 85 86 86 86
1605.0 85 85 85 86 86 86
1620.0 85 85 85 88 88 88
1635.0 85 85 85 88 88 88
1650.0 88 88 88 88 88 88
1665.0 88 88 88 88 88 88
1680.0 88 88 88 90 90 90
1695.0 88 88 88 91 91 91
1710.0 91 91 91 92 92 92
1725.0 91 91 91 92 92 92
1740.0 91 91 91 93 93 93
1755.0 91 91 91 96 96 96
1770.0 91 91 91 99 99 99
1785.0 91 91 91 101 101 101
# t=1800: start of partition 1
1.8e3 91 91 91 103 103 103
1815.0 91 91 91 103 105 103
1830.0 91 91 91 103 105 103
1845.0 91 91 91 104 105 104
1860.0 91 91 91 105 106 105
1875.0 91 91 91 105 107 105
1890.0 91 91 91 105 108 105
1905.0 91 91 91 105 108 105
1920.0 91 91 91 105 108 105
1935.0 91 91 91 105 108 105
1950.0 91 91 91 105 109 105
1965.0 91 91 91 105 109 105
1980.0 91 91 91 105 109 105
1995.0 91 91 91 105 110 105
2010.0 91 91 91 105 110 105
2025.0 91 91 91 105 111 105
2040.0 91 91 91 105 112 105
2055.0 91 91 91 106 112 106
2070.0 91 91 91 106 112 106
2085.0 91 91 91 106 112 106
2.1e3 91 91 91 108 113 108
2115.0 91 91 91 108 113 108
2130.0 91 91 91 108 113 108
2145.0 91 91 91 108 116 108
2160.0 91 91 91 108 117 108
2175.0 91 91 91 109 118 109
2190.0 91 91 91 109 118 109
2205.0 91 91 91 109 119 109
2220.0 91 91 91 109 119 109
2235.0 91 91 91 109 119 109
2250.0 91 91 91 109 120 109
2265.0 91 91 91 109 122 109
2280.0 91 91 91 109 123 109
2295.0 91 91 91 110 126 110
2310.0 91 91 91 111 128 111
2325.0 91 91 91 111 128 111
2340.0 91 91 91 113 128 113
2355.0 91 91 91 113 128 113
2370.0 91 91 91 114 129 114
2385.0 91 91 91 115 131 115
2.4e3 91 91 91 116 132 116
2415.0 91 91 91 116 132 116
2430.0 91 91 91 116 132 116
2445.0 91 91 91 116 132 116
2460.0 91 91 91 116 132 116
2475.0 91 91 91 116 133 116
2490.0 91 91 91 116 135 116
2505.0 91 91 91 117 135 117
2520.0 91 91 91 117 137 117
2535.0 91 91 91 118 137 118
2550.0 91 91 91 119 137 119
2565.0 91 91 91 120 137 120
2580.0 91 91 91 121 137 121
2595.0 91 91 91 122 137 122
2610.0 91 91 91 122 139 122
2625.0 91 91 91 122 139 122
2640.0 91 91 91 122 140 122
2655.0 91 91 91 122 140 122
2670.0 91 91 91 123 140 123
2685.0 91 91 91 124 140 124
# t=2700: end of partition 1
2.7e3 91 91 91 141 141 141
2715.0 91 91 91 141 141 141
2730.0 91 91 91 141 141 141
2745.0 141 141 141 141 141 141
2760.0 141 141 141 143 143 143
2775.0 141 141 141 143 143 143
2790.0 141 141 141 144 144 144
2805.0 141 141 141 146 146 146
2820.0 141 141 141 147 147 147
2835.0 147 147 147 148 148 148
2850.0 147 147 147 151 151 151
2865.0 150 150 150 153 153 153
2880.0 152 152 152 154 154 154
2895.0 153 153 153 155 155 155
2910.0 153 153 153 155 155 155
2925.0 153 153 153 155 155 155
2940.0 153 153 153 156 156 156
2955.0 153 153 153 158 158 158
2970.0 153 153 153 158 158 158
2985.0 153 153 153 160 160 160
3.0e3 158 158 158 162 162 162
3015.0 158 158 158 162 162 162
3030.0 162 162 162 163 163 163
3045.0 162 162 162 163 163 163
3060.0 163 163 163 163 163 163
3075.0 163 163 163 166 166 166
3090.0 163 163 163 167 167 167
3105.0 166 166 166 168 168 168
3120.0 168 168 168 171 171 171
3135.0 170 170 170 172 172 172
3150.0 170 170 170 172 172 172
3165.0 170 170 170 173 173 173
3180.0 170 170 170 173 173 173
3195.0 170 170 170 176 176 176
3210.0 173 173 173 176 176 176
3225.0 173 173 173 178 178 178
3240.0 173 173 173 178 178 178
3255.0 173 173 173 179 179 179
3270.0 173 173 173 180 180 180
3285.0 180 180 180 181 181 181
3.3e3 180 180 180 181 181 181
3315.0 180 180 180 181 181 181
3330.0 180 180 180 181 181 181
3345.0 180 180 180 181 181 181
3360.0 181 181 181 181 181 181
3375.0 181 181 181 183 183 183
3390.0 181 181 181 186 186 186
3405.0 181 181 181 187 187 187
3420.0 186 186 186 188 188 188
3435.0 186 186 186 189 189 189
3450.0 186 186 186 190 190 190
3465.0 186 186 186 190 190 190
3480.0 186 186 186 191 191 191
3495.0 186 186 186 196 196 196
3510.0 186 186 186 198 198 198
3525.0 197 197 197 200 200 200
3540.0 198 198 198 202 202 202
3555.0 198 198 198 204 204 204
3570.0 198 198 198 205 205 205
3585.0 204 204 204 205 205 205