0.0 0 0 0 0 0 0 75 0 0
15.0 0 0 0 0 0 0 75 0 0
30.0 0 0 0 0 0 0 75 0 0
45.0 0 0 0 0 0 0 75 0 0
60.0 0 0 0 0 0 0 75 0 0
75.0 0 0 0 0 0 0 75 0 0
90.0 0 0 0 0 0 0 75 0 0
105.0 0 0 0 0 0 0 75 0 0
120.0 0 0 0 0 0 0 75 0 0
135.0 0 0 0 0 0 0 75 0 0
150.0 0 0 0 0 0 0 75 0 0
165.0 0 0 0 0 0 0 75 0 0
180.0 0 0 0 0 0 0 75 0 0
195.0 0 0 0 0 0 0 75 0 0
210.0 0 0 0 0 0 0 75 0 0
225.0 0 0 0 1 1 1 75 0 1
240.0 1 1 1 4 4 4 75 0 4
255.0 1 1 1 5 5 5 75 0 5
270.0 1 1 1 5 5 5 75 0 6
285.0 1 1 1 7 7 7 75 0 7
300.0 6 6 6 8 8 8 75 0 9
315.0 6 6 6 8 8 8 75 0 9
330.0 6 6 6 9 9 9 75 0 9
345.0 6 6 6 11 11 11 75 0 11
360.0 6 6 6 11 11 11 75 0 11
375.0 11 11 11 12 12 12 75 0 12
390.0 12 12 12 13 13 13 75 0 13
405.0 12 12 12 13 13 13 75 0 13
420.0 13 13 13 14 14 14 75 0 15
435.0 13 13 13 16 16 16 75 0 16
450.0 15 15 15 17 17 17 75 0 18
465.0 17 17 17 21 21 21 75 0 21
480.0 17 17 17 21 21 21 75 0 21
495.0 17 17 17 21 21 21 75 0 21
510.0 21 21 21 23 23 23 75 0 24
525.0 21 21 21 23 23 23 75 0 24
540.0 23 23 23 26 26 26 75 0 26
555.0 25 25 25 26 26 26 75 0 26
570.0 25 25 25 27 27 27 75 0 27
585.0 25 25 25 29 29 29 75 0 29
600.0 27 27 27 29 29 29 25 50 30
615.0 27 27 27 30 30 30 25 50 30
630.0 27 27 27 30 30 30 25 50 30
645.0 27 27 27 31 31 31 25 50 33
660.0 27 27 27 31 31 31 25 50 33
675.0 27 27 27 31 31 31 25 50 33
690.0 27 27 27 31 31 31 25 50 33
705.0 27 27 27 31 31 31 25 50 33
720.0 27 27 27 31 31 31 25 50 33
735.0 27 27 27 31 31 31 25 50 33
750.0 27 27 27 31 31 31 25 50 33
765.0 27 27 27 31 31 31 25 50 34
780.0 27 27 27 31 31 31 25 50 34
795.0 27 27 27 33 33 33 25 50 34
810.0 27 27 27 33 33 33 25 50 34
825.0 27 27 27 34 34 34 25 50 34
840.0 27 27 27 34 34 34 25 50 34
855.0 27 27 27 34 34 34 25 50 35
870.0 27 27 27 34 34 34 25 50 37
885.0 27 27 27 34 34 34 25 50 37
900.0 27 27 27 34 34 34 25 50 37
915.0 27 27 27 34 34 34 25 50 37
930.0 27 27 27 34 34 34 25 50 37
945.0 27 27 27 34 34 34 25 50 37
960.0 27 27 27 34 34 34 25 50 37
975.0 27 27 27 34 34 34 25 50 37
990.0 27 27 27 36 36 36 25 50 38
1005.0 27 27 27 36 36 36 25 50 39
1020.0 27 27 27 40 40 40 25 50 41
1035.0 27 27 27 41 41 41 25 50 42
1050.0 27 27 27 42 42 42 25 50 42
1065.0 27 27 27 42 42 42 25 50 42
1080.0 27 27 27 42 42 42 25 50 42
1095.0 27 27 27 43 43 43 25 50 44
1110.0 27 27 27 43 43 43 25 50 45
1125.0 27 27 27 43 43 43 25 50 46
1140.0 27 27 27 43 43 43 25 50 47
1155.0 27 27 27 43 43 43 25 50 48
1170.0 27 27 27 43 43 43 25 50 48
1185.0 27 27 27 43 43 43 25 50 49
1.2e3 27 27 27 43 43 43 25 50 49
1215.0 27 27 27 43 43 43 25 50 49
1230.0 27 27 27 47 47 47 25 50 49
1245.0 27 27 27 49 49 49 25 50 50
1260.0 27 27 27 49 49 49 25 50 50
1275.0 27 27 27 49 49 49 25 50 50
1290.0 27 27 27 51 51 51 25 50 51
1305.0 27 27 27 51 51 51 25 50 51
1320.0 27 27 27 53 53 53 25 50 53
1335.0 27 27 27 53 53 53 25 50 53
1350.0 27 27 27 53 53 53 25 50 53
1365.0 27 27 27 53 53 53 25 50 53
1380.0 27 27 27 53 53 53 25 50 54
1395.0 27 27 27 55 55 55 25 50 56
1410.0 27 27 27 56 56 56 25 50 57
1425.0 27 27 27 56 56 56 25 50 57
1440.0 27 27 27 58 58 58 25 50 59
1455.0 27 27 27 58 58 58 25 50 60
1470.0 27 27 27 58 58 58 25 50 61
1485.0 27 27 27 60 60 60 25 50 61
1.5e3 27 27 27 61 61 61 25 50 61
1515.0 27 27 27 61 61 61 25 50 62
1530.0 27 27 27 63 63 63 25 50 63
1545.0 27 27 27 63 63 63 25 50 63
1560.0 27 27 27 64 64 64 25 50 64
1575.0 27 27 27 64 64 64 25 50 64
1590.0 27 27 27 64 64 64 25 50 64
1605.0 27 27 27 64 64 64 25 50 64
1620.0 27 27 27 64 64 64 25 50 64
1635.0 27 27 27 64 64 64 25 50 64
1650.0 27 27 27 64 64 64 25 50 64
1665.0 27 27 27 64 64 64 25 50 65
1680.0 27 27 27 64 64 64 25 50 67
1695.0 27 27 27 64 64 64 25 50 67
1710.0 27 27 27 64 64 64 25 50 67
1725.0 27 27 27 64 64 64 25 50 67
1740.0 27 27 27 64 64 64 25 50 68
1755.0 27 27 27 66 66 66 25 50 68
1770.0 27 27 27 69 69 69 25 50 69
1785.0 27 27 27 70 70 70 25 50 70
1.8e3 27 27 27 70 70 70 75 0 70
1815.0 27 27 27 73 73 73 75 0 73
1830.0 27 27 27 75 75 75 75 0 75
1845.0 27 27 27 76 76 76 75 0 76
1860.0 27 27 27 78 78 78 75 0 78
1875.0 27 27 27 78 78 78 75 0 78
1890.0 27 27 27 78 78 78 75 0 78
1905.0 78 78 78 79 79 79 75 0 80
1920.0 78 78 78 81 81 81 75 0 82
1935.0 78 78 78 83 83 83 75 0 83
1950.0 81 81 81 85 85 85 75 0 85
1965.0 81 81 81 86 86 86 75 0 86
1980.0 86 86 86 87 87 87 75 0 87
1995.0 86 86 86 88 88 88 75 0 88
2010.0 88 88 88 88 88 88 75 0 88
2025.0 88 88 88 90 90 90 75 0 90
2040.0 90 90 90 91 91 91 75 0 92
2055.0 90 90 90 91 91 91 75 0 92
2070.0 90 90 90 91 91 91 75 0 92
2085.0 90 90 90 92 92 92 75 0 93
2.1e3 92 92 92 94 94 94 75 0 94
2115.0 92 92 92 94 94 94 75 0 96
2130.0 92 92 92 94 94 94 75 0 96
2145.0 94 94 94 98 98 98 75 0 98
2160.0 97 97 97 100 100 100 75 0 100
2175.0 98 98 98 100 100 100 75 0 100
2190.0 100 100 100 102 102 102 75 0 104
2205.0 100 100 100 105 105 105 75 0 105
2220.0 100 100 100 106 106 106 75 0 106
2235.0 100 100 100 106 106 106 75 0 106
2250.0 100 100 100 108 108 108 75 0 108
2265.0 106 106 106 109 109 109 75 0 109
2280.0 108 108 108 110 110 110 75 0 110
2295.0 110 110 110 114 114 114 75 0 114
2310.0 111 111 111 116 116 116 75 0 116
2325.0 114 114 114 116 116 116 75 0 117
2340.0 116 116 116 116 116 116 75 0 117
2355.0 116 116 116 116 116 116 75 0 117
2370.0 116 116 116 116 116 116 75 0 117
2385.0 116 116 116 119 119 119 75 0 120
2.4e3 116 116 116 120 120 120 75 0 120