0.0 0 0 0 0 0 0 74 1
15.0 0 0 0 0 0 0 71 4
30.0 0 0 0 0 0 0 72 3
45.0 0 0 0 0 0 0 74 1
60.0 0 0 0 0 0 0 74 1
75.0 0 0 0 0 0 0 71 4
90.0 0 0 0 0 0 0 66 9
105.0 0 0 0 0 0 0 65 10
120.0 0 0 0 0 0 0 68 7
135.0 0 0 0 0 0 0 73 2
150.0 0 0 0 0 0 0 75 0
165.0 0 0 0 0 0 0 73 2
180.0 0 0 0 0 0 0 74 1
195.0 0 0 0 0 0 0 73 2
210.0 0 0 0 0 0 0 75 0
225.0 0 0 0 1 1 1 75 0
240.0 1 1 1 3 3 3 75 0
255.0 1 1 1 5 5 5 72 3
270.0 1 1 1 5 5 5 74 1
285.0 1 1 1 6 6 6 69 6
300.0 5 5 5 6 6 6 75 0
315.0 5 5 5 8 8 8 71 4
330.0 5 5 5 9 9 9 70 5
345.0 5 5 5 10 10 10 65 10
360.0 5 5 5 10 10 10 68 7
375.0 5 5 5 11 11 11 60 15
390.0 5 5 5 12 12 12 66 9
405.0 5 5 5 13 13 13 69 6
420.0 5 5 5 13 13 13 70 5
435.0 13 13 13 15 15 15 74 1
450.0 15 15 15 16 16 16 75 0
465.0 16 16 16 18 18 18 67 8
480.0 16 16 16 20 20 20 66 9
495.0 16 16 16 20 20 20 61 14
510.0 16 16 16 22 22 22 61 14
525.0 16 16 16 23 23 23 60 15
540.0 16 16 16 24 24 24 61 14
555.0 16 16 16 24 24 24 66 9
570.0 16 16 16 25 25 25 67 8
585.0 16 16 16 27 27 27 64 11
600.0 16 16 16 28 28 28 61 14
615.0 16 16 16 29 29 29 60 15
630.0 16 16 16 32 32 32 62 13
645.0 16 16 16 34 34 34 65 10
660.0 16 16 16 35 35 35 68 7
675.0 16 16 16 35 35 35 73 2
690.0 16 16 16 36 36 36 75 0
705.0 35 35 35 38 38 38 71 4
720.0 35 35 35 38 38 38 68 7
735.0 35 35 35 39 39 39 67 8
750.0 35 35 35 40 40 40 64 11
765.0 35 35 35 40 40 40 63 12
780.0 35 35 35 40 40 40 61 14
795.0 35 35 35 41 41 41 61 14
810.0 35 35 35 43 43 43 62 13
825.0 35 35 35 43 43 43 63 12
840.0 35 35 35 44 44 44 66 9
855.0 35 35 35 45 45 45 65 10
870.0 35 35 35 47 47 47 64 11
885.0 35 35 35 48 48 48 61 14
900.0 35 35 35 48 48 48 60 15
915.0 35 35 35 50 50 50 65 10
930.0 35 35 35 50 50 50 70 5
945.0 35 35 35 51 51 51 69 6
960.0 35 35 35 53 53 53 64 11
975.0 35 35 35 55 55 55 65 10
990.0 35 35 35 55 55 55 62 13
1005.0 35 35 35 55 55 55 64 11
1020.0 35 35 35 55 55 55 64 11
1035.0 35 35 35 55 55 55 69 6
1050.0 35 35 35 57 57 57 72 3
1065.0 55 55 55 61 61 61 73 2
1080.0 60 60 60 62 62 62 68 7
1095.0 60 60 60 62 62 62 71 4
1110.0 61 61 61 65 65 65 75 0
1125.0 62 62 62 66 66 66 75 0
1140.0 65 65 65 66 66 66 71 4
1155.0 65 65 65 69 69 69 70 5
1170.0 65 65 65 69 69 69 74 1
1185.0 65 65 65 69 69 69 74 1
1.2e3 65 65 65 71 71 71 71 4
1215.0 65 65 65 72 72 72 68 7
1230.0 65 65 65 74 74 74 67 8
1245.0 65 65 65 75 75 75 70 5
1260.0 65 65 65 76 76 76 65 10
1275.0 65 65 65 78 78 78 62 13
1290.0 65 65 65 79 79 79 61 14
1305.0 65 65 65 80 80 80 64 11
1320.0 65 65 65 80 80 80 63 12
1335.0 65 65 65 80 80 80 60 15
1350.0 65 65 65 80 80 80 62 13
1365.0 65 65 65 82 82 82 67 8
1380.0 65 65 65 82 82 82 64 11
1395.0 65 65 65 84 84 84 60 15
1410.0 65 65 65 86 86 86 64 11
1425.0 65 65 65 88 88 88 65 10
1440.0 65 65 65 91 91 91 70 5
1455.0 65 65 65 91 91 91 69 6
1470.0 65 65 65 92 92 92 70 5
1485.0 65 65 65 93 93 93 73 2
1.5e3 65 65 65 95 95 95 64 11
1515.0 65 65 65 97 97 97 67 8
1530.0 65 65 65 98 98 98 62 13
1545.0 65 65 65 100 100 100 63 12
1560.0 65 65 65 102 102 102 62 13
1575.0 65 65 65 102 102 102 65 10
1590.0 65 65 65 102 102 102 68 7
1605.0 65 65 65 103 103 103 67 8
1620.0 65 65 65 104 104 104 62 13
1635.0 65 65 65 105 105 105 64 11
1650.0 65 65 65 107 107 107 61 14
1665.0 65 65 65 107 107 107 60 15
1680.0 65 65 65 107 107 107 70 5
1695.0 65 65 65 109 109 109 74 1
1710.0 65 65 65 110 110 110 71 4
1725.0 65 65 65 110 110 110 68 7
1740.0 65 65 65 110 110 110 63 12
1755.0 65 65 65 110 110 110 65 10
1770.0 65 65 65 112 112 112 64 11
1785.0 65 65 65 112 112 112 60 15
1.8e3 65 65 65 113 113 113 63 12
1815.0 65 65 65 113 113 113 68 7
1830.0 65 65 65 113 113 113 75 0
1845.0 65 65 65 114 114 114 73 2
1860.0 65 65 65 114 114 114 74 1
1875.0 65 65 65 116 116 116 69 6
1890.0 65 65 65 118 118 118 72 3
1905.0 65 65 65 119 119 119 73 2
1920.0 65 65 65 120 120 120 69 6
1935.0 65 65 65 122 122 122 66 9
1950.0 65 65 65 124 124 124 75 0
1965.0 65 65 65 125 125 125 69 6
1980.0 65 65 65 128 128 128 70 5
1995.0 65 65 65 130 130 130 67 8
2010.0 65 65 65 132 132 132 70 5
2025.0 65 65 65 133 133 133 75 0
2040.0 65 65 65 135 135 135 68 7
2055.0 65 65 65 136 136 136 61 14
2070.0 65 65 65 136 136 136 60 15
2085.0 65 65 65 136 136 136 65 10
2.1e3 65 65 65 137 137 137 72 3
2115.0 65 65 65 137 137 137 69 6
2130.0 65 65 65 137 137 137 74 1
2145.0 65 65 65 140 140 140 72 3
2160.0 65 65 65 140 140 140 65 10
2175.0 65 65 65 141 141 141 64 11
2190.0 65 65 65 141 141 141 63 12
2205.0 65 65 65 141 141 141 62 13
2220.0 65 65 65 141 141 141 65 10
2235.0 65 65 65 143 143 143 70 5
2250.0 65 65 65 144 144 144 73 2
2265.0 65 65 65 145 145 145 67 8
2280.0 65 65 65 146 146 146 64 11
2295.0 65 65 65 146 146 146 61 14
2310.0 65 65 65 146 146 146 64 11
2325.0 65 65 65 146 146 146 63 12
2340.0 65 65 65 146 146 146 68 7
2355.0 65 65 65 146 146 146 69 6
2370.0 65 65 65 149 149 149 70 5
2385.0 65 65 65 150 150 150 73 2
2.4e3 65 65 65 151 151 151 74 1
2415.0 65 65 65 153 153 153 73 2
2430.0 65 65 65 153 153 153 72 3
2445.0 65 65 65 153 153 153 67 8
2460.0 65 65 65 153 153 153 72 3
2475.0 65 65 65 155 155 155 74 1
2490.0 65 65 65 157 157 157 74 1
2505.0 65 65 65 158 158 158 75 0
2520.0 65 65 65 160 160 160 69 6
2535.0 65 65 65 161 161 161 75 0
2550.0 65 65 65 162 162 162 66 9
2565.0 65 65 65 165 165 165 67 8
2580.0 65 65 65 167 167 167 70 5
2595.0 65 65 65 169 169 169 67 8
2610.0 65 65 65 172 172 172 68 7
2625.0 65 65 65 172 172 172 71 4
2640.0 65 65 65 173 173 173 70 5
2655.0 65 65 65 175 175 175 74 1
2670.0 175 175 175 175 175 175 75 0
2685.0 175 175 175 177 177 177 70 5
2.7e3 175 175 175 179 179 179 75 0
2715.0 175 175 175 180 180 180 75 0
2730.0 175 175 175 180 180 180 75 0
2745.0 180 180 180 180 180 180 74 1
2760.0 180 180 180 182 182 182 69 6
2775.0 180 180 180 182 182 182 68 7
2790.0 180 180 180 182 182 182 65 10
2805.0 180 180 180 182 182 182 68 7
2820.0 180 180 180 182 182 182 69 6
2835.0 182 182 182 184 184 184 66 9
2850.0 182 182 182 185 185 185 63 12
2865.0 182 182 182 185 185 185 60 15
2880.0 182 182 182 186 186 186 60 15
2895.0 182 182 182 188 188 188 60 15
2910.0 182 182 182 189 189 189 63 12
2925.0 182 182 182 189 189 189 61 14
2940.0 182 182 182 190 190 190 62 13
2955.0 182 182 182 192 192 192 61 14
2970.0 182 182 182 192 192 192 64 11
2985.0 182 182 182 193 193 193 65 10
3.0e3 182 182 182 193 193 193 74 1
3015.0 182 182 182 193 193 193 75 0
3030.0 193 193 193 194 194 194 72 3
3045.0 193 193 193 194 194 194 74 1
3060.0 194 194 194 195 195 195 73 2
3075.0 194 194 194 195 195 195 66 9
3090.0 194 194 194 197 197 197 73 2
3105.0 194 194 194 198 198 198 70 5
3120.0 198 198 198 199 199 199 75 0
3135.0 199 199 199 204 204 204 74 1
3150.0 199 199 199 205 205 205 74 1
3165.0 199 199 199 207 207 207 74 1
3180.0 199 199 199 207 207 207 73 2
3195.0 199 199 199 208 208 208 74 1
3210.0 207 207 207 209 209 209 75 0
3225.0 207 207 207 210 210 210 74 1
3240.0 207 207 207 211 211 211 73 2
3255.0 207 207 207 211 211 211 72 3
3270.0 207 207 207 214 214 214 75 0
3285.0 212 212 212 215 215 215 70 5
3.3e3 214 214 214 216 216 216 73 2
3315.0 214 214 214 216 216 216 66 9
3330.0 214 214 214 216 216 216 65 10