0.0  0  0  0  0  0  0  74  1  0
15.0  0  0  0  0  0  0  71  4  0
30.0  0  0  0  0  0  0  72  3  0
45.0  0  0  0  0  0  0  74  1  0
60.0  0  0  0  0  0  0  74  1  0
75.0  0  0  0  0  0  0  71  4  0
90.0  0  0  0  0  0  0  66  9  0
105.0  0  0  0  0  0  0  65  10  0
120.0  0  0  0  0  0  0  68  7  0
135.0  0  0  0  0  0  0  73  2  0
150.0  0  0  0  0  0  0  75  0  0
165.0  0  0  0  0  0  0  73  2  0
180.0  0  0  0  0  0  0  74  1  0
195.0  0  0  0  0  0  0  73  2  0
210.0  0  0  0  0  0  0  75  0  0
225.0  0  0  0  2  2  2  75  0  2
240.0  1  1  1  3  3  3  75  0  4
255.0  2  2  2  4  4  4  72  3  4
270.0  2  2  2  6  6  6  74  1  6
285.0  2  2  2  6  6  6  69  6  6
300.0  6  6  6  9  9  9  75  0  9
315.0  6  6  6  9  9  9  71  4  9
330.0  6  6  6  9  9  9  70  5  9
345.0  6  6  6  10  10  10  65  10  11
360.0  6  6  6  10  10  10  68  7  11
375.0  6  6  6  12  12  12  60  15  12
390.0  6  6  6  12  12  12  66  9  13
405.0  6  6  6  13  13  13  69  6  13
420.0  6  6  6  13  13  13  70  5  15
435.0  6  6  6  15  15  15  74  1  15
450.0  6  6  6  17  17  17  75  0  18
465.0  6  6  6  18  18  18  67  8  18
480.0  6  6  6  20  20  20  66  9  21
495.0  6  6  6  21  21  21  61  14  21
510.0  6  6  6  22  22  22  61  14  23
525.0  6  6  6  23  23  23  60  15  23
540.0  6  6  6  24  24  24  61  14  24
555.0  6  6  6  27  27  27  66  9  27
570.0  6  6  6  28  28  28  67  8  28
585.0  6  6  6  28  28  28  64  11  28
600.0  6  6  6  28  28  28  61  14  29
615.0  6  6  6  29  29  29  60  15  29
630.0  6  6  6  33  33  33  62  13  33
645.0  6  6  6  33  33  33  65  10  35
660.0  6  6  6  36  36  36  68  7  36
675.0  6  6  6  36  36  36  73  2  37
690.0  6  6  6  37  37  37  75  0  37
705.0  6  6  6  40  40  40  71  4  40
720.0  6  6  6  40  40  40  68  7  40
735.0  6  6  6  40  40  40  67  8  40
750.0  6  6  6  41  41  41  64  11  41
765.0  6  6  6  43  43  43  63  12  44
780.0  6  6  6  43  43  43  61  14  44
795.0  6  6  6  45  45  45  61  14  45
810.0  6  6  6  46  46  46  62  13  46
825.0  6  6  6  46  46  46  63  12  46
840.0  6  6  6  48  48  48  66  9  48
855.0  6  6  6  50  50  50  65  10  50
870.0  6  6  6  50  50  50  64  11  52
885.0  6  6  6  50  50  50  61  14  52
900.0  6  6  6  52  52  52  60  15  52
915.0  6  6  6  52  52  52  65  10  52
930.0  6  6  6  53  53  53  70  5  53
945.0  6  6  6  53  53  53  69  6  53
960.0  6  6  6  54  54  54  64  11  54
975.0  6  6  6  55  55  55  65  10  55
990.0  6  6  6  55  55  55  62  13  56
1005.0  6  6  6  57  57  57  64  11  57
1020.0  6  6  6  57  57  57  64  11  58
1035.0  6  6  6  58  58  58  69  6  59
1050.0  6  6  6  59  59  59  72  3  59
1065.0  6  6  6  63  63  63  73  2  63
1080.0  6  6  6  65  65  65  68  7  65
1095.0  6  6  6  67  67  67  71  4  68
1110.0  63  63  63  69  69  69  75  0  69
1125.0  63  63  63  69  69  69  75  0  70
1140.0  69  69  69  69  69  69  71  4  71
1155.0  69  69  69  71  71  71  70  5  72
1170.0  69  69  69  71  71  71  74  1  72
1185.0  69  69  69  73  73  73  74  1  73
1.2e3  69  69  69  74  74  74  71  4  74
1215.0  69  69  69  75  75  75  68  7  75
1230.0  69  69  69  76  76  76  67  8  76
1245.0  69  69  69  76  76  76  70  5  77
1260.0  69  69  69  77  77  77  65  10  77
1275.0  69  69  69  77  77  77  62  13  77
1290.0  69  69  69  78  78  78  61  14  78
1305.0  69  69  69  78  78  78  64  11  78
1320.0  69  69  69  79  79  79  63  12  79
1335.0  69  69  69  83  83  83  60  15  83
1350.0  69  69  69  84  84  84  62  13  84
1365.0  69  69  69  84  84  84  67  8  84
1380.0  69  69  69  85  85  85  64  11  86
1395.0  69  69  69  87  87  87  60  15  87
1410.0  69  69  69  88  88  88  64  11  88
1425.0  69  69  69  89  89  89  65  10  89
1440.0  69  69  69  93  93  93  70  5  93
1455.0  69  69  69  93  93  93  69  6  94
1470.0  69  69  69  94  94  94  70  5  95
1485.0  69  69  69  95  95  95  73  2  95
1.5e3  69  69  69  96  96  96  64  11  96
1515.0  69  69  69  97  97  97  67  8  98
1530.0  69  69  69  97  97  97  62  13  99
1545.0  69  69  69  99  99  99  63  12  99
1560.0  69  69  69  102  102  102  62  13  102
1575.0  69  69  69  103  103  103  65  10  103
1590.0  69  69  69  104  104  104  68  7  104
1605.0  69  69  69  105  105  105  67  8  105
1620.0  69  69  69  105  105  105  62  13  105
1635.0  69  69  69  106  106  106  64  11  106
1650.0  69  69  69  106  106  106  61  14  106
1665.0  69  69  69  106  106  106  60  15  107
1680.0  69  69  69  107  107  107  70  5  109
1695.0  69  69  69  107  107  107  74  1  109
1710.0  107  107  107  109  109  109  71  4  109
1725.0  107  107  107  110  110  110  68  7  110
1740.0  107  107  107  111  111  111  63  12  112